0 0 36 0 0 0 0 0 0 0  0  0  0  0  0  0  0  0  0  0  0  0  0  0  0  0  0  0  0  0  0  0  0  0  0  0  0  0  0  0  0  0  0  0
0 0 33 0 0 0 0 0 0 0  0  0  0  0  0  0  0  0  0  0  0  0  0  0  0  0  0  0  0  0  0  0  0  0  0  0  0  0  0  0  0  0  0  0
36 33 0 0 10 0 0 0 0 0  0  0  0  0  0  0  0  0  0  0  0  0  0  0  0  0  0  0  0  0  0  0  0  0  0  0  0  0  0  0  0  0  0  0
0 0 0 0 32 0 0 0 0 0  0  0  0  0  0  0  0  0  0  0  0  0  0  0  0  0  0  0  0  0  0  0  0  0  0  0  0  0  0  0  0  0  0  0
0 0 10 32 0 14 0 0 0 0  0  0  0  0  0  0  0  0  0  0  0  0  0  0  0  0  0  0  0  0  0  0  0  0  0  0  0  0  0  0  0  0  0  0
0 0 0 0 14 0 27 5 0 0  0  0  0  0  0  0  0  0  0  0  0  0  0  0  0  0  0  0  0  0  0  0  0  0  0  0  0  0  0  0  0  0  0  0
0 0 0 0 0 27 0 0 0 0  0  0  0  0  0  0  0  0  0  0  0  0  0  0  0  0  0  0  0  0  0  0  0  0  0  0  0  0  0  0  0  0  0  0
0 0 0 0 0 5 0 0 13 0  0  0  0  0  0  0  0  0  0  0  0  0  0  0  0  0  0  0  0  0  0  0  0  0  0  0  0  0  0  0  0  0  0  0
0 0 0 0 0 0 0 13 0 16  0  0  33  0  0  0  0  0  0  0  0  0  0  0  0  0  0  0  0  0  0  0  0  0  0  0  0  0  0  0  0  0  0  0
0 0 0 0 0 0 0 0 16 0  54  56  0  0  0  0  0  0  0  0  0  0  0  0  0  0  0  0  0  0  0  0  0  0  0  0  0  0  0  0  0  0  0  0
0 0 0 0 0 0 0 0 0 54  0  0  0  0  0  0  0  0  0  0  0  0  0  0  0  0  0  0  0  0  0  0  0  0  0  0  0  0  0  0  0  0  0  0
0 0 0 0 0 0 0 0 0 56  0  0  0  0  0  0  0  0  0  0  0  0  0  0  0  0  0  0  0  0  0  0  0  0  0  0  0  0  0  0  0  0  0  0
0 0 0 0 0 0 0 0 33 0  0  0  0  16  0  0  0  0  0  10  0  0  0  0  0  0  0  0  0  0  0  0  0  0  0  0  0  0  0  0  0  0  0  0
0 0 0 0 0 0 0 0 0 0  0  0  16  0  36  0  0  0  0  0  0  0  0  0  0  0  0  0  0  0  0  0  0  0  0  0  0  0  0  0  0  0  0  0
0 0 0 0 0 0 0 0 0 0  0  0  0  36  0  29  0  0  0  0  0  0  0  0  0  0  0  0  0  0  0  0  0  0  0  0  0  0  0  0  0  0  0  0
0 0 0 0 0 0 0 0 0 0  0  0  0  0  29  0  52  0  0  0  0  0  0  0  0  0  0  0  0  0  0  0  0  0  0  0  0  0  0  0  0  0  0  0
0 0 0 0 0 0 0 0 0 0  0  0  0  0  0  52  0  47  0  0  0  0  0  0  0  0  0  0  0  0  0  0  0  0  0  0  0  0  0  0  0  0  0  0
0 0 0 0 0 0 0 0 0 0  0  0  0  0  0  0  47  0  32  0  0  0  0  0  0  0  0  0  0  0  0  0  0  0  0  0  0  0  0  0  0  0  0  0
0 0 0 0 0 0 0 0 0 0  0  0  0  0  0  0  0  32  0  0  0  0  0  0  0  0  0  0  0  0  0  0  0  0  0  0  0  0  0  0  0  0  0  0
0 0 0 0 0 0 0 0 0 0  0  0  10  0  0  0  0  0  0  0  107  0  0  0  0  0  19  0  0  0  0  80  0  0  0  0  0  0  0  0  0  0  0  0
0 0 0 0 0 0 0 0 0 0  0  0  0  0  0  0  0  0  0  107  0  75  0  0  0  57  0  0  0  0  0  0  0  0  0  0  0  0  0  0  0  0  0  0
0 0 0 0 0 0 0 0 0 0  0  0  0  0  0  0  0  0  0  0  75  0  46  0  0  0  0  0  0  0  0  0  0  0  0  0  0  0  0  0  0  0  0  0
0 0 0 0 0 0 0 0 0 0  0  0  0  0  0  0  0  0  0  0  0  46  0  16  0  0  0  0  0  0  0  0  0  0  0  0  0  0  0  0  0  0  0  0
0 0 0 0 0 0 0 0 0 0  0  0  0  0  0  0  0  0  0  0  0  0  16  0  95  0  0  0  0  0  0  0  0  0  0  0  0  0  0  0  0  0  0  0
0 0 0 0 0 0 0 0 0 0  0  0  0  0  0  0  0  0  0  0  0  0  0  95  0  36  0  0  0  0  0  0  0  0  0  0  0  0  0  0  0  0  0  0
0 0 0 0 0 0 0 0 0 0  0  0  0  0  0  0  0  0  0  0  57  0  0  0  36  0  0  0  0  0  0  0  73  0  0  0  0  0  0  0  0  0  0  0
0 0 0 0 0 0 0 0 0 0  0  0  0  0  0  0  0  0  0  19  0  0  0  0  0  0  0  36  0  34  0  0  0  0  0  0  0  0  0  0  0  0  0  0
0 0 0 0 0 0 0 0 0 0  0  0  0  0  0  0  0  0  0  0  0  0  0  0  0  0  36  0  27  0  0  0  0  0  0  0  0  0  0  0  0  0  0  0
0 0 0 0 0 0 0 0 0 0  0  0  0  0  0  0  0  0  0  0  0  0  0  0  0  0  0  27  0  0  0  0  0  0  0  0  0  0  0  0  0  0  0  0
0 0 0 0 0 0 0 0 0 0  0  0  0  0  0  0  0  0  0  0  0  0  0  0  0  0  34  0  0  0  26  0  0  0  0  0  0  0  0  0  0  0  0  0
0 0 0 0 0 0 0 0 0 0  0  0  0  0  0  0  0  0  0  0  0  0  0  0  0  0  0  0  0  26  0  82  0  0  0  0  0  0  0  0  0  0  0  0
0 0 0 0 0 0 0 0 0 0  0  0  0  0  0  0  0  0  0  80  0  0  0  0  0  0  0  0  0  0  82  0  21  0  0  0  0  0  0  0  0  0  0  0
0 0 0 0 0 0 0 0 0 0  0  0  0  0  0  0  0  0  0  0  0  0  0  0  0  73  0  0  0  0  0  21  0  50  0  0  0  0  0  0  0  0  0  0
0 0 0 0 0 0 0 0 0 0  0  0  0  0  0  0  0  0  0  0  0  0  0  0  0  0  0  0  0  0  0  0  50  0  16  0  0  0  0  0  0  0  0  0
0 0 0 0 0 0 0 0 0 0  0  0  0  0  0  0  0  0  0  0  0  0  0  0  0  0  0  0  0  0  0  0  0  16  0  12  0  0  0  0  0  0  0  0
0 0 0 0 0 0 0 0 0 0  0  0  0  0  0  0  0  0  0  0  0  0  0  0  0  0  0  0  0  0  0  0  0  0  12  0  24  0  0  0  0  0  0  0
0 0 0 0 0 0 0 0 0 0  0  0  0  0  0  0  0  0  0  0  0  0  0  0  0  0  0  0  0  0  0  0  0  0  0  24  0  28  0  67  0  0  0  0
0 0 0 0 0 0 0 0 0 0  0  0  0  0  0  0  0  0  0  0  0  0  0  0  0  0  0  0  0  0  0  0  0  0  0  0  28  0  235  0  0  0  0  0
0 0 0 0 0 0 0 0 0 0  0  0  0  0  0  0  0  0  0  0  0  0  0  0  0  0  0  0  0  0  0  0  0  0  0  0  0  235  0  0  0  0  0  0
0 0 0 0 0 0 0 0 0 0  0  0  0  0  0  0  0  0  0  0  0  0  0  0  0  0  0  0  0  0  0  0  0  0  0  0  67  0  0  0  33  0  0  0
0 0 0 0 0 0 0 0 0 0  0  0  0  0  0  0  0  0  0  0  0  0  0  0  0  0  0  0  0  0  0  0  0  0  0  0  0  0  0  33  0  144  0  0
0 0 0 0 0 0 0 0 0 0  0  0  0  0  0  0  0  0  0  0  0  0  0  0  0  0  0  0  0  0  0  0  0  0  0  0  0  0  0  0  144  0  157  0
0 0 0 0 0 0 0 0 0 0  0  0  0  0  0  0  0  0  0  0  0  0  0  0  0  0  0  0  0  0  0  0  0  0  0  0  0  0  0  0  0  157  0  91
0 0 0 0 0 0 0 0 0 0  0  0  0  0  0  0  0  0  0  0  0  0  0  0  0  0  0  0  0  0  0  0  0  0  0  0  0  0  0  0  0  0  91  0